1 26
2 26
3 26
4 26
5 26
6 26
7 26
8 26
9 26
10 26
11 26
12 26
13 26
14 26
15 26
16 26
17 26
18 26
19 26
20 26
21 26
22 26
23 26
24 26
25 26
26 26
27 26
28 26
29 26
30 26
31 26
32 26
33 26
34 26
35 26
36 26
37 26
38 26
39 26
40 26
41 26
42 26
43 26
44 26
45 26
46 26
47 26
48 26
49 26
50 26
51 26
52 26
53 26
54 26
55 26
56 26
57 26
58 26
59 26
60 26
61 27
62 27
63 27
64 27
65 27
66 27
67 27
68 27
69 27
70 27
71 27
72 27
73 27
74 27
75 27
76 27
77 27
78 27
79 27
80 27
81 27
82 27
83 27
84 27
85 27
86 27
87 27
88 27
89 27
90 27
91 27
92 27
93 27
94 27
95 27
96 27
97 27
98 27
99 27
100 27
101 27
102 27
103 27
104 27
105 27
106 27
107 27
108 27
109 27
110 27
111 27
112 27
113 27
114 27
115 27
116 27
117 27
118 27
119 27
120 27
121 27
122 27
123 27
124 27
125 27
126 27
127 27
128 27
129 27
130 27
131 27
132 27
133 27
134 27
135 27
136 27
137 27
138 27
139 27
140 27
141 27
142 27
143 27
144 27
145 27
146 27
147 27
148 27
149 27
150 27
151 27
152 27
153 27
