1 99500
2 99500
3 99500
4 99500
5 99500
6 99500
7 99500
8 99500
9 99500
10 99500
11 99500
12 99500
13 99500
14 99500
15 99500
16 99500
17 99500
18 99500
19 99500
20 99500
21 99500
22 99500
23 99500
24 99500
25 99500
26 99500
27 99500
28 99500
29 99500
30 99500
31 99500
32 99500
33 99500
34 99500
35 99500
36 99500
37 99500
38 99500
39 99500
40 99500
41 99500
42 99500
43 99500
44 99500
45 99500
46 99500
47 99500
48 99500
49 99500
50 99500
51 99500
52 99500
53 99500
54 99500
55 99500
56 99500
57 99500
58 99500
59 99500
60 99500
61 99500
62 99500
63 99500
64 99500
65 99500
66 99500
67 99500
68 99500
69 99500
70 99500
71 99500
72 99500
73 99500
74 99500
75 99500
76 99500
77 99500
78 99500
79 99500
80 99500
81 99500
82 99500
83 99500
84 99500
85 99500
86 99500
87 99500
88 99500
89 99500
90 99500
91 99500
92 99500
93 99500
94 99500
95 99500
96 99500
97 99500
98 99500
99 99500
100 99500
101 99500
102 99500
103 99500
104 99500
105 99500
106 99500
107 99500
108 99500
109 99500
110 99500
111 99500
112 99500
113 99500
114 99500
115 99500
116 99500
117 99500
118 99500
119 99500
120 99500
121 99500
122 99500
123 99500
124 99500
125 99500
126 99500
127 99500
128 99500
129 99500
130 99500
131 99500
132 99500
133 99500
134 99500
135 99500
136 99500
137 99500
138 99500
139 99500
140 99500
141 99500
142 99500
143 99500
144 99500
145 99500
146 99500
147 99500
148 99500
149 99500
150 99500
151 99500
152 99500
153 99500
154 99500
155 99500
156 99500
157 99500
158 99500
159 99500
160 99500
161 99500
162 99500
163 99500
164 99500
165 99500
166 99500
167 99500
168 99500
169 99500
170 99500
171 99500
172 99500
173 99500
174 99500
175 99500
176 99500
177 99500
178 99500
179 99500
180 99500
181 99500
182 99500
183 99500
184 99500
185 99500
186 99500
187 99500
188 99500
189 99500
190 99500
191 99500
192 99500
193 99500
194 99500
195 99500
196 99500
197 99500
198 99500
199 99500
200 99500
201 99500
202 99500
203 99500
204 99500
205 99500
206 99500
207 99500
208 99500
209 99500
210 99500
211 99500
212 99500
213 99500
214 99500
215 99500
216 99500
217 99500
218 99500
219 99500
220 99500
221 99500
222 99500
223 99500
224 99500
225 99500
226 99500
227 99500
228 99500
229 99500
230 99500
231 99500
232 99500
233 99500
234 99500
235 99500
236 99500
237 99500
238 99500
239 99500
240 99500
241 99500
242 99500
243 99500
244 99500
245 99500
246 99500
247 99500
248 99500
249 99500
250 99500
251 99500
252 99500
253 99500
254 99500
255 99500
256 99500
257 99500
258 99500
259 99500
260 99500
261 99500
262 99500
263 99500
264 99500
265 99500
266 99500
267 99500
268 99500
269 99500
270 99500
271 99500
272 99500
273 99500
274 99500
275 99500
276 99500
277 99500
278 99500
279 99500
280 99500
281 99500
282 99500
283 99500
284 99500
285 99500
286 99500
287 99500
288 99500
289 99500
290 99500
291 99500
292 99500
293 99500
294 99500
295 99500
296 99500
297 99500
298 99500
299 99500
300 99500
301 99500
302 99500
303 99500
304 99500
305 99500
306 99500
307 99500
308 99500
309 99500
310 99500
311 99500
312 99500
313 99500
314 99500
315 99500
316 99500
317 99500
318 99500
319 99500
320 99500
321 99500
322 99500
323 99500
324 99500
325 99500
326 99500
327 99500
328 99500
329 99500
330 99500
331 99500
332 99500
333 99500
334 99500
335 99500
336 99500
337 99500
338 99500
339 99500
340 99500
341 99500
342 99500
343 99500
344 99500
345 99500
346 99500
347 99500
348 99500
349 99500
350 99500
351 99500
352 99500
353 99500
354 99500
355 99500
356 99500
357 99500
358 99500
359 99500
360 99500
361 99500
362 99500
363 99500
364 99500
365 99500
366 99500
367 99500
368 99500
369 99500
370 99500
371 99500
372 99500
373 99500
374 99500
375 99500
376 99500
377 99500
378 99500
379 99500
380 99500
381 99500
382 99500
383 99500
384 99500
385 99500
386 99500
387 99500
388 99500
389 99500
390 99500
391 99500
392 99500
393 99500
394 99500
395 99500
396 99500
397 99500
398 99500
399 99500
400 99500
401 99500
402 99500
403 99500
404 99500
405 99500
406 99500
407 99500
408 99500
409 99500
410 99500
411 99500
412 99500
413 99500
414 99500
415 99500
416 99500
417 99500
418 99500
419 99500
420 99500
421 99500
422 99500
423 99500
424 99500
425 99500
426 99500
427 99500
428 99500
429 99500
430 99500
431 99500
432 99500
433 99500
434 99500
435 99500
436 99500
437 99500
438 99500
439 99500
440 99500
441 99500
442 99500
443 99500
444 99500
445 99500
446 99500
447 99500
448 99500
449 99500
450 99500
451 99500
452 99500
453 99500
454 99500
455 99500
456 99500
457 99500
458 99500
459 99500
460 99500
461 99500
462 99500
463 99500
464 99500
465 99500
466 99500
467 99500
468 99500
469 99500
470 99500
471 99500
472 99500
473 99500
474 99500
475 99500
476 99500
477 99500
478 99500
479 99500
480 99500
481 99500
482 99500
483 99500
484 99500
485 99500
486 99500
487 99500
488 99500
489 99500
490 99500
491 99500
492 99500
493 99500
494 99500
495 99500
496 99500
497 99500
498 99500
499 99500
500 99500
501 99500
502 99500
503 99500
504 99500
505 99500
506 99500
507 99500
508 99500
509 99500
510 99500
511 99500
512 99500
513 99500
514 99500
515 99500
516 99500
517 99500
518 99500
519 99500
520 99500
521 99500
522 99500
523 99500
524 99500
525 99500
526 99500
527 99500
528 99500
529 99500
530 99500
531 99500
532 99500
533 99500
534 99500
535 99500
536 99500
537 99500
538 99500
539 99500
540 99500
541 99500
542 99500
543 99500
544 99500
545 99500
546 99500
547 99500
548 99500
549 99500
550 99500
551 99500
552 99500
553 99500
554 99500
555 99500
556 99500
557 99500
558 99500
559 99500
560 99500
561 99500
562 99500
563 99500
564 99500
565 99500
566 99500
567 99500
568 99500
569 99500
570 99500
571 99500
572 99500
573 99500
574 99500
575 99500
576 99500
577 99500
578 99500
579 99500
580 99500
581 99500
582 99500
583 99500
584 99500
585 99500
586 99500
587 99500
588 99500
589 99500
590 99500
591 99500
592 99500
593 99500
594 99500
595 99500
596 99500
597 99500
598 99500
599 99500
600 99500
601 99500
602 99500
603 99500
604 99500
605 99500
606 99500
607 99500
608 99500
609 99500
610 99500
611 99500
612 99500
613 99500
614 99500
615 99500
616 99500
617 99500
618 99500
619 99500
620 99500
621 99500
622 99500
623 99500
624 99500
625 99500
626 99500
627 99500
628 99500
629 99500
630 99500
631 99500
632 99500
633 99500
634 99500
635 99500
636 99500
637 99500
638 99500
639 99500
640 99500
641 99500
642 99500
643 99500
644 99500
645 99500
646 99500
647 99500
648 99500
649 99500
650 99500
651 99500
652 99500
653 99500
654 99500
655 99500
656 99500
657 99500
658 99500
659 99500
660 99500
661 99500
662 99500
663 99500
664 99500
665 99500
666 99500
667 99500
668 99500
669 99500
670 99500
671 99500
672 99500
673 99500
674 99500
675 99500
676 99500
677 99500
678 99500
679 99500
680 99500
681 99500
682 99500
683 99500
684 99500
685 99500
686 99500
687 99500
688 99500
689 99500
690 99500
691 99500
692 99500
693 99500
694 99500
695 99500
696 99500
697 99500
698 99500
699 99500
700 99500
701 99500
702 99500
703 99500
704 99500
705 99500
706 99500
707 99500
708 99500
709 99500
710 99500
711 99500
712 99500
713 99500
714 99500
715 99500
716 99500
717 99500
718 99500
719 99500
720 99500
721 99500
722 99500
723 99500
724 99500
725 99500
726 99500
727 99500
728 99500
729 99500
730 99500
731 99500
732 99500
733 99500
734 99500
735 99500
736 99500
737 99500
738 99500
739 99500
740 99500
741 99500
742 99500
743 99500
744 99500
745 99500
746 99500
747 99500
748 99500
749 99500
750 99500
751 99500
752 99500
753 99500
754 99500
755 99500
756 99500
757 99500
758 99500
759 99500
760 99500
761 99500
762 99500
763 99500
764 99500
765 99500
766 99500
767 99500
768 99500
769 99500
770 99500
771 99500
772 99500
773 99500
774 99500
775 99500
776 99500
777 99500
778 99500
779 99500
780 99500
781 99500
782 99500
783 99500
784 99500
785 99500
786 99500
787 99500
788 99500
789 99500
790 99500
791 99500
792 99500
793 99500
794 99500
795 99500
796 99500
797 99500
798 99500
799 99500
800 99500
801 99500
802 99500
803 99500
804 99500
805 99500
806 99500
807 99500
808 99500
809 99500
810 99500
811 99500
812 99500
813 99500
814 99500
815 99500
816 99500
817 99500
818 99500
819 99500
820 99500
821 99500
822 99500
823 99500
824 99500
825 99500
826 99500
827 99500
828 99500
829 99500
830 99500
831 99500
832 99500
833 99500
834 99500
835 99500
836 99500
837 99500
838 99500
839 99500
840 99500
841 99500
842 99500
843 99500
844 99500
845 99500
846 99500
847 99500
848 99500
849 99500
850 99500
851 99500
852 99500
853 99500
854 99500
855 99500
856 99500
857 99500
858 99500
859 99500
860 99500
861 99500
862 99500
863 99500
864 99500
865 99500
866 99500
867 99500
868 99500
869 99500
870 99500
871 99500
872 99500
873 99500
874 99500
875 99500
876 99500
877 99500
878 99500
879 99500
880 99500
881 99500
882 99500
883 99500
884 99500
885 99500
886 99500
887 99500
888 99500
889 99500
890 99500
891 99500
892 99500
893 99500
894 99500
895 99500
896 99500
897 99500
898 99500
899 99500
900 99500
901 99500
902 99500
903 99500
904 99500
905 99500
906 99500
907 99500
908 99500
909 99500
910 99500
911 99500
912 99500
913 99500
914 99500
915 99500
916 99500
917 99500
918 99500
919 99500
920 99500
921 99500
922 99500
923 99500
924 99500
925 99500
926 99500
927 99500
928 99500
929 99500
930 99500
931 99500
932 99500
933 99500
934 99500
935 99500
936 99500
937 99500
938 99500
939 99500
940 99500
941 99500
942 99500
943 99500
944 99500
945 99500
946 99500
947 99500
948 99500
949 99500
950 99500
951 99500
952 99500
953 99500
954 99500
955 99500
956 99500
957 99500
958 99500
959 99500
960 99500
961 99500
962 99500
963 99500
964 99500
965 99500
966 99500
967 99500
968 99500
969 99500
970 99500
971 99500
972 99500
973 99500
974 99500
975 99500
976 99500
977 99500
978 99500
979 99500
980 99500
981 99500
982 99500
983 99500
984 99500
985 99500
986 99500
987 99500
988 99500
989 99500
990 99500
991 99500
992 99500
993 99500
994 99500
995 99500
996 99500
997 99500
998 99500
999 99500
1000 99500
